17036264
131322596
1201875727
47095594
22645045
3570071237
15187319
1914907003
880974660568965120
20124640
23389781
18744824
1134126660188610561
1097517894315982855
1068577720559390722
1089881180336472064
3162868112
1107984021085143040
157204238
581894777
17036264
131322596
1201875727
47095594
22645045
1071510000
280969931
3029372181
22105074
820950457472389120
804015141046157312
762050109043384320
762050109043384320
23013418
105545433
124793916
1234194079606607872
33328595
174814188
51476522
943908751651823618
1091089669519958017
17759429
814089738
1081396726311866368
1133406634577997825
117684898
22167577
26482985
3060130055
279029398
70878444
757636428683550721
1283729682
911854803101270016
61015618
67419276
1403415258
106826079
2370999493
2280778446
416358678
1522415864
44371184
1081396726311866368
1133406634577997825
2914274249
123486224
20090978
821082807221055488
1125591762981015552
2877094977
1657636808
197470016
1094076392159862784
24221880
94071938
908420285782687746
6899222
608709992
1868691169
969481
941372340
5669922
772086714739425280
402348024
402348024
172658335
16986096
1256258292193476608
324891343
1068029226698211328
2472769754
4713435747
4004847973
14120922
2320501218
1214788901753090048
816188584080408576
420268186
2552754433
1203246028163407872
4198552452
863285769393192960
2384282719
306737733
1155098790996480002
859814138683564032
51697863
14120922
1583302064
2420749476
113881597
956309449
107844698
16934948
18449166
134099351
243089622
2470269793
1608672727
1263369154913947648
793778940
20093629
16438417
27852133
51018282
532247990
755570019845623808
1239689511501803528
931519586486366208
17473886
4223578103
20093629
16438417
27852133
51018282
532247990
755570019845623808
1239689511501803528
931519586486366208
17473886
4223578103
92374624
176504053
73314513
3761181082
38692991
21860841
1245797823402164231
113718795
131818033
799511998308483073
22737368
351825243
743811443561136128
36062792
2451830558
23723361
93509250
93509250
1190911894887882752
92374624
176504053
73314513
3761181082
38692991
21860841
1245797823402164231
113718795
131818033
799511998308483073
22737368
351825243
743811443561136128
36062792
2451830558
23723361
93509250
93509250
1190911894887882752
1614193531
915978432
1434781
1239170047123296258
106223692
2751978911
861504990
839842945960448001
16925905
14685354
12509482
444400045
17145410
546180219
19843884
862768715393314820
45835893
8055642
771865116480462848
3219
248593911
36929380
96412638
166589440
1377960307
944585064
213690076
419776649
1227417143257550848
19046563
19485676
546180219
19843884
862768715393314820
45835893
8055642
771865116480462848
3219
248593911
36929380
96412638
166589440
1377960307
944585064
213690076
419776649
1227417143257550848
19046563
19485676
150402766
36929380
284950214
734500255232864259
743132211411451904
22611944
758294648632713216
976679538733211648
197651955
109086018
1247342562232410112
14121845
402701156
1245353223747178496
1065980604393484288
1247342562232410112
18630723
150402766
36929380
284950214
734500255232864259
743132211411451904
22611944
758294648632713216
976679538733211648
197651955
109086018
1247342562232410112
14121845
402701156
1245353223747178496
1065980604393484288
1247342562232410112
18630723
1198805470296838150
3292402243
143281010
611113501
1249093885160075264
252220765
1238898850540158983
1240600696652783618
493406778
17603752
761553148645433344
2813522073
1088580949930139650
1224470942610489345
927118769708830720
60468975
1063414095783837696
1219961496
723922335552679936
892431097426051072
3288338402
38692991
348028350
94963464
64426357
1220411542526746625
1156579551981576192
1263683518468628480
1248583824381894656
1215605948682649601
932166420590235651
840848695860027392
957960979907833856
135791770
336994867
1242708640454320128
4833397361
1206062897631121408
1008398461
1066507860388036610
1207582509476675585
1190202307495055361
1243418579854217216
1135097628885041152
1262325563575816193
982249496766701568
1169880786796834816
1259847343827976195
1219282735375798272
1199347793569013761
984767978276143104
982808846602125312
831580411134353408
1013081501825503233
1256800284874928128
1263669264940064769
1253210448976994305
1230846704380936192
941711800478810112
1716093188
1240585000312950784
714055147442155521
1059409182439473152
809412997374443520
1259204755932536832
1170569403676516352
1255753523817521152
886942701798731777
835470464
3168816005
1261515514792337408
837515503249854464
2587069346
1159492587650027520
911759482073399297
3989860692
940651798729125888
1261262317913808899
1182208419878592512
354382470
976487981308497920
1257847626323701761
778590164411047936
1261153430753533953
4377743412
906083821338075136
1079304800506908672
1262043484631990275
859782789956239362
2928178933
2485858266
744777672014733318
844063047316619265
1257275601645428736
1262062652601307136
1194613960009535489
1263696863422603264
978154721658769414
926731622312898560
1267026692289093632
891321778114625540
1190342346715451392
1161358484828352512
1073958105870950403
938730820562497536
1261142716705988608
919387361946955778
1261204277105758209
1009697444349841415
1265449511066845184
754175997042364416
1101493950769115136
2889620220
1213435741214167040
921490924240326657
1012418649775206400
1259059371541032962
4785922349
1256302606395326464
931203324
1960108782
2945847666
1212110566036140032
2199031844
1183423239919460354
704514979454537728
1267822432628305930
2307002954
1259043262201040899
605226830
1194734754068881409
1266818952442847235
1139766710930563073
1156579551981576192
581016916
897464213269958656
1042599050736885760
1231111593254998016
1263683518468628480
1400623184
1141055645711339520
2292918714
1101702625328738304
1267810006839128064
885843060294205441
1254684769943773184
1263176283845914626
1262408827686830080
1249329707868237826
1096859384032911360
1213391440752996352
957614521765392384
2570171374
2832422355
2942064528
871240958850945024
1042318307448315905
883770846
1245069060099854337
1161723099949105152
1178718297161756672
1229343072925843456
2926648763
1151402349405048832
1267750813998309378
1215605948682649601
953573145184673795
1243548801111031810
1267786702795485184
1032634042691141633
812610235366068225
1207680646845353984
821991624
746927465524670465
2999604384
814715996611182592
4438421352
3240628429
2939594427
1233130259568111626
1105914265737793537
1202544769395642373
840848695860027392
840848695860027392
703103059803533313
1252128281807241217
776146668337008640
355631503
336448906
745860950604025856
309509386
1425371508
1102918918128033792
1262785064749809664
1246112459275919360
1212283277555318785
1118635872
962545443598090240
1146091940670087168
1261010971507687425
1266777325418557441
1170995133887602688
836921079629217792
1267757046591602688
4833397361
1261572894846447617
1243513594748252162
1232902197542711301
794060654013452288
20383971
1004768333026111488
1077131412745146368
969865696900300800
726034277066936320
955867747954683904
1264070815307325440
2799250825
1066507860388036610
1220666568973201409
1200046261518270464
1266360369598967812
1207582509476675585
1208441437651648515
1190202307495055361
1190202307495055361
1243418579854217216
3281278212
840848695860027392
1190202307495055361
1243418579854217216
1135097628885041152
1216531631760035840
3165041762
1103307172379680768
1240503083882262529
1268147883452370949
1055379517764554752
1213169521705414656
1262829308315238400
1267804294436261894
1235503336637353985
3161411196
1238437167283625984
1189544615998701569
1267905389443665922
1268070776399368192
31083217
1029717957323018240
1267655061716348929
1267655061716348929
3402668513
1266910763605725185
1266669512541208576
1240999035164491778
1082476772497666048
1225105501718859781
4187676273
1151915629219205120
1267430823336304645
1241496041704153088
2801315214
766342477989158928
1074276605520863233
1238437167283625984
241497220
1240999035164491778
29697895
51118952
1703767016
1148919431424172032
1256248167978414081
2244901680
1672657243
744785437
1266625447602860032
2689371632
1135217678535127047
1256953980116033537
833321831893463040
2429176592
1154373941554581505
1243086243828649984
996628276742447105
483989324
1251549190364127233
1004954918011060224
967246917456547841
1061153857957376002
1093185262534807552
812531444337803264
2985043968
83858580
2546522102
1262295839919280128
710784204812890112
1248529413882273793
1261257065915396097
1266659734322626561
1016977628006404096
1266436563476590593
735110149891756032
1200446592454557697
1265881966714503168
921095091325775872
1265881966714503168
910855800624529408
317172544
718734954696351744
1265922039375945729
1262794274925621253
1236224494198378497
1266439226872086528
1265265848333283329
1266063546288390154
1124567624698908672
1136397564838760448
1136397564838760448
789503840
1183789307821096965
1060414281802489856
2784323408
1099741917779156992
4422317954
1265576936232845315
331582994
1205381474309955585
1260050868608495618
1266006779873366017
1262985666830299136
1265265848333283329
3252871490
1164455257235021824
1265938416623136768
1265252083235729409
1252905707759972352
4667905392
1100266483131797504
2512186458
1004755890925289472
844110878568079360
1259181521165930496
2520234938
1238454257285619712
1081644390873935872
102309552
63930621
3228060590
884084863103643648
937245916343418882
333251543
1259719097975140352
1228415014085652480
954068637849075712
1243176972743630848
74365244
1208787959081684992
1172136272594235392
112644956
2155189670
864177632518197249
1055726140533301248
1164220475087577088
4843342747
252229302
231122790
1220997689283756033
2782678895
1265709333343399937
58164728
1247181032656211971
1174046544
16945213
1868804923
885785755615981569
1149196766010462208
87809008
4131217758
1213211129977065473
1157272487593500674
1265256146786562050
495911531
1243465927670124546
3297776174
1246812037906219008
3286096302
1068350682996953088
149951737
450002925
1072640856501346304
224545345
2716687996
1131650235774562304
4432553774
1264407038735482880
79989955
1162386602020110337
420291594
43111636
1262463121458937858
1262463121458937858
618811816
923304305636950016
2430174390
1268493921631510528
1268442990457966592
1113823360561975297
3150512738
899678381465231360
4201059199
1268530740083462145
1226712488302899200
264736138
815927055061811201
1188295498186117120
1264572358498463748
1268872204516593664
1252798648347512839
1095303601134624768
1094574487763386368
1184325989326671873
1075387697802276864
1264566341786206208
1262228811191595009
2611645597
1006590795460141056
1268948827656073222
1198522177743515650
913801535930359809
1030415114
945360643
1262986901692329985
2890023656
1139510742837682177
61859409
1222535118243487744
1262620364644839424
710942659
1235528779268669442
884254264335269888
854882911178432513
588124462
1113472557225717761
1113472557225717761
1231913829761781760
2506749942
1074972289244909568
1194552811754668032
2545998272
351475215
1236380103220686848
1077788089278517248
1261499159372271616
1116768294675992576
1037698417357549568
1269168699757363200
842352974412288000
1269159097980653568
45781892
721629682983124992
1262366638973898753
813960081251463168
1203314044154724353
729250497169895424
45781892
1268714152748625920
338288298
976483351036018689
961787137
1111657582786240512
2305552141
1228658266755887109
1010170735019503616
1202896516450357249
796024834106896385
4654113968
1265588076014903297
767430584411054081
767430584411054081
1267693051469631493
1263388288494252032
1138490931349508101
1022687270082469888
998048709358239744
1235257399130255361
237630374
1268885178291826689
1209474671550160897
1248688399600533504
1730425278
895646721740492800
68902878
2662893480
832253381783740416
1101802421389422592
103290156
1171361016153640960
817857547612717058
1269149631537197057
1268232916506558464
2908425758
2411320964
1269150334041100290
862562042686824449
1252220513025495041
3322078675
3247735495
1268758178415685634
1268503796818284544
1214844607747330049
1199300832119808002
791237431500546048
1172399181048082433
1269196042072920064
1117421182486306816
1249604691878707201
1262366638973898753
1261248911429087236
3231758306
1171590118617960448
1232324565012901888
3823958545
1254725740484009984
857735415721316352
1268606949563568128
1268424520223715331
1243809694113652736
1064121254922223616
1218154503075008517
1268061142775033856
971633665959542784
1268299932332679174
1268228608071471105
1267915248838815745
1267769927659814915
791237431500546048
703872714189225986
1242826677115224066
1267764509445197825
1210468963030716416
1267543939646554112
1257884059423764481
1256828105466867713
1267095652481339396
836421272430993408
1266793844609294337
1250683716
1266724480501469186
1266681883338948608
1266666912743858176
1159347500861407234
1234453675256532993
1370997078
1206061548646682624
1266039073774297088
1261851036798590977
2470532940
1138820736578179072
1268572233997275136
1262453725429366785
760766806390874113
975751949235687425
1267167373674627081
1152985246259744768
1268138869716930560
1267778123594108929
894419566863962112
1214537194607497218
1050997400645468160
1235845986771030017
1120736291736317958
1268952200451108864
1214958841839775744
714376599211155457
1174771527302037504
1267806608215572481
71619690
94775494
94775494
94775494
94775494
94775494
474017164
380260979
84856731
104129487
233476203
147334993
708736363
578994331
880232089
856288645
44393624
351676672
711606491954937856
920947289165783041
798474583
830094349216133121
191578187
1248087864912404480
1261560015506137088
1268811479484174337
1268626131411808256
1268825063882493953
1262252820025298947
718287296290779137
391228378
870329960375787520
1268168977370484737
1016634745864761344
713970382202490880
1268064084408233985
1124315891200475137
1170196615732322304
1381611932
929923395881394178
2618850865
1267949501198680064
1267825553073045505
3069496392
145154831
1267823681968865286
1262509553880428544
994150308346548224
1267790859946229760
1267809597781229573
1131545431790346240
200736633
1263055783442464775
606050806
1058991644047945729
968724842353741824
1144797538525929472
1261945458705997825
927159397918367746
1260994947202920448
1253982013851385857
1267833046587387909
951850691248644097
998557847343509509
1266037155639332865
3012334855
967798111753052160
1261539066962739200
1207877272918618112
1215143203961069573
1007835434561331200
2650495499
1239949983597518851
794722705295736832
929923395881394178
1267580846787178496
1153776069423456256
1169448630
1152246512270733313
979992139865010177
706474241068179457
1117819880147783682
3889115055
1241004184708628481
1267838048483643393
949261561385828352
1228347616208932864
1267828358152245248
826644970106867712
1244836978601758725
705372666673238016
1262965039410974720
1267802206239027200
135467771
780401122402000896
861957967398273025
895561623544373249
837288439020146693
1267423302105985024
846021679822372864
1267423302105985024
1425392977
1148227608061960192
947450495706152962
1267355400963162112
994150308346548224
971785294138740736
1259077294611738624
1244543569454489601
1267384450960306177
1265161726460407808
1267013511462424578
843748661251260416
1266808149136285696
1407221390
197437400
1259202828301713408
924557697877385216
1267624206922952705
837892695918014464
1149682152407064577
1267023101822300162
1266680501906993153
4537906634
1172719481950371841
1264974527848570880
3109911312
1265593962397663232
1266315007559680000
1266315007559680000
1263420273002516482
1175290595767513093
1123889194110263297
1096984322735775744
1267280855086448640
906914776906735617
1267080818532536323
3184797696
1262659732663422976
3184797696
1267280855086448640
1267280855086448640
363666400
162698850
2256581347
1153904992937365505
133779582
1258138089064718337
1251556477791158272
2547813914
636115621
797307578535596032
1250806529839624192
738723575306190848
75065306
915620844159696896
1264942072923971584
3242102892
1010638399693258753
1222776395752865792
60371519
1268170002881896448
1233359058909962240
922704661076836352
833946625697538048
860483633647407104
1069992594590060544
109895252
960345193034731525
238995088
967034279334039554
1015564175047905280
1003520272576569345
1087937058
36806836
107897089
1058696179251200000
339122543
845623375963803648
878168628398440449
1205183339306586114
1055040268406116352
86589106
1158752256818159616
56130138
714703158610681856
1247038219994062848
3073316652
920595288
832205535168561152
1189993136832991232
1132345289606438912
755380299480064000
119218157
32966579
933626972328009728
1229097505
1199000058647068672
550163308
1405268641
999190038691840000
1249526543484772352
1249526543484772352
4079858412
1214052531514425348
1257320557734838272
3098270465
1182572096196612101
76845720
173162060
3302046326
1036942165740380161
4460144985
222361707
709706301123629056
2278800256
154787068
752669752544329728
1192715943002066944
768488622601347072
1231909097613791232
79223465
783980219514236928
1269788788433305600
924708699985231872
1185095063312850944
1134043878087176192
1170667137200844805
711210579818520576
1269583254778032128
885378999182139392
556288543
248807975
4481477352
757382274
1237025657541898240
1269504822908084226
237721688
1185010042388369408
1228330860740395009
771666299449544704
1240637317359910912
1230563659190980608
1269145788338384896
1219212610454917120
1265649798280929280
3912030022
820570235434569728
1067792622310359040
305645780
859710438757584896
1882529197
1089488806795976704
1099881702997086208
1031416661570543617
1258090895162802176
74966325
940531640060858368
1269298883101745152
740215089358245894
721433479
927768115546607616
1110154830121758720
1316039695
838981164580888576
1269277550871638017
1017783990311215104
1239943885301915648
2409707490
1265829382620360705
1226018086416838656
2272182694
1269159582430978054
1036701963776401408
4732436246
2164393897
1254709994332712962
1094341162754818054
1283281741
1250699690791690240
1269243677320400897
960117983250079744
776023928661606401
1265255861225689088
3180621546
52316991
960170707530469382
1269224466271186944
973016307141632001
1030757572058312704
865509075018108929
1265917430313840641
286632674
811520885249232896
1252047981441961987
1268609852873551876
961810537020469249
1269942514053550082
1269882330837123077
1269835845789528064
775566558198390784
1247471882745462784
1251488572659494913
539819618
1268618791325437953
1241562606827175939
1241562606827175939
1241562606827175939
1241562606827175939
1268810906349318144
1145883238096764928
774864859674447872
1268436434442235909
1259025153171681281
953302604297093120
1169615039923277825
16944975
2255122616
1057461146930810885
1068137739546091521
2454216079
1090864904414756867
234756158
975208424
955620966356344832
147871556
1147860688565440512
134113507
931138044131868673
890366113246138368
403542204
848641719163912196
409735703
231024055
1244001244756054017
877749026023755777
98164081
1151181082768752640
41797045
516456634
3326820806
713025124270751744
114473856
3065871206
447877660
30654385
425307042
2335487102
56335250
952603490903236608
1649834364
4492813693
2520645828
3301332866
1326418932
890366113246138368
1212236952059011073
853219252412850176
2183813677
955978860218077184
1326418932
21844965
1244001244756054017
2435169420
2971242204
236389528
1052424564
1226895735687270408
24177894
1050994928019492864
853219712666402816
1246501307822657538
3260673055
76136615
1037032006276722688
877845610375806976
369787036
2155473641
1205099806424588288
4227956772
2226441300
882312205479198720
981585349163003905
433262669
1103263226987462657
1100713737424719872
1082166423915454464
2236010549
998297418415333376
231024055
946920951077158912
3255086766
2241711895
1215848193067560960
1243793507078139904
2395447554
775109456497676288
155512566
1241419086300471297
1219183834966577154
890366113246138368
231024055
395129870
777914586074755072
1107169761182523392
108664560
2869343671
2443821374
4697790031
953615916
941655616585588737
865850527422087168
2665850701
1046750396553654274
1219122031431770112
870156554833723393
837230457393672192
90898490
952881389543632899
1086227169758433280
2740143451
606813705
75277295
1040514850919735296
1040514850919735296
77108135
878074820
59702396
1239618169141997568
161226206
1062777913798356993
1195224459843719168
1271021616051281925
1271021616051281925
1271021610275749889
1271021605213200384
1271021593846661120
1271021578239655943
1271021575941193730
1271021571193229312
1271021549563154433
1271021543703711750
1271021535386570752
1271021533289263104
1271021528910409729
1271021524720381953
1271021509121765376
1271027580976627713
1271368704484392964
1271345338478022656
1271342514742505472
1271326662458654720
1271326499564449794
1271322371115249665
1271316045064663040
1271311465048231937
1271296408612716555
1271295042536128512
1271294683835060224
1271282788226838528
1271282726885224450
1271282684120100864
1271282512321409024
1271141777206996993
1271133590835740672
1271128054715170820
1271094611612545025
1271079539746107392
1271064039464947712
1271049446243987457
1271040482856992770
1271380815402815494
1271377851544190979
1271376672479047681
1271374917565464577
771788529726783488

57568009
1250261754010988546
101147717
179478998
42022523
802128004906295297
1145610608865247233
3637117160
749156508
115388507
223145341
1243219054300557312
2338517149
65588669
1253289102620758016
4012542552
112078170
575109168
1068761810692648960
42022523
1253289102620758016
1017185000
42022523
4804099806
117433080
223145341
390799481
68750739
68750739
972701694403395584
233429571
2951559277
459924296
1046934650
28958716
78580919
2431799936
148271322
254415430
3637117160
1243219054300557312
77972356
72527051
292846303
2177796890
4804099806
41997182
21080743
605434880
920583167240650753
47657891
75971091
1148119778814566400
42022523
219530494
1650914190
4832871
1172582716778274816
75480736
55478609
74365244
509189102
124724389
543295257
543295257
1627174015
636542688
75480736
75480736
1420423436
132523015
1034137862
1065207944483004416
16983244
75480736
467196867
110138760
67577592
717236861593370624
4322111
115573757
825171973428875264
84045951
20677406
61452048
26481445
4087778773
52636863
95294910
52636863
2180028825
877048312897064960
113614704
1014613304
550382928
2804693078
129730049
113614704
22665909
1167693205938196480
910714454240722946
3637117160
1065208201505718273
117644657
341016431
60266520
50983911
17830429
313809387
20677406
34921446
373429948
146563129
43065380
47657891
53728344
534295395
37630971
1039050660
57413126
36070075
105562142
92447798
550382928
1143531356820914180
111615736
182363264
64184054
868395448788164608
68928568
19301031
19301031
159347165
159347165
95053461
369326520
604512143
369326520
132960957
132960957
132960957
924608164938506240
60264652
132960957
132960957
28353370
132960957
140753970
28353370
2912491466
4832871
117071269
28353370
28353370
1291385132
701488811965075458
164788948
55799274
95053461
280081769
28353370
622067463
164176289
1037238170
132960957
28353370
892744105163460608
892744105163460608
892744105163460608
892744105163460608
369326520
2433418309
2383415735
136532696
22154930
1172069616
777327114
823660490
314471712
314471712
94955223
1726528549
1726528549
2209861825
141869297
877216711
113262353
118953134
17588274
128516299
373442658
561029219
56347280
558795273
558795273
113539831
255080951
44317438
124400045
15861353
60532948
198397621
20751449
1427407454
1166943124993609728
961200886730010624
60895200
159537360
4911099888
1422390188
63029743
27244540
907469349937541120
620778704
141995605
2874766748
718137875049504768
20751449
1064886620694958080
1262283918465593346
2206807999
291585081
114460174
1166541883964715008
110471418
438272520
91608548
1262283918465593346
116114641
4690746547
22247464
33111520
457321806
1154428725909311488
2370738252
2932094635
155895542
1054757183257264129
250495841
3235720416
2368421030
287517572
747577717512613888
4086577992
1240703123850530816
510288065
510288065
832790542647857156
510288065
1240703123850530816
63690736
92891281
381595990
832790542647857156
1240703123850530816
523503044
77690334
88752232
104796078
2440218656
3225842209
2538977456
302739313
88397957
2470623500
1625021
63690736
14920597
19301031
1142678497162231808
40713185
16681568
1138527288079740928
88161607
232469355
126863962
362048984
362048984
380418384
50367296
1103864016
429935848
222061161
19699280
2301046225
1262283918465593346
105050256
306106150
1039759933728645120
140047339
1039759933728645120
827185873301037056
141584822
3288638384
2261350952
66137529
2231664720
1269655105391013889
2261350952
1251037459338555397
2231210292
872772684316323840
43943409
1282553808
3018680485
70076405
1195983899614007296
832131698431229952
1269661844974768129
1197371577353949185
1119518018051006464
70076405
49644836
1119518018051006464
2526598940
1612504999
977625689061928960
1240576425805004801
1160162992983400448
3305925577
1173442775909404672
111221301
112661068
1255501974465843200
989302820
4531029732
2392347650
122111782
1258349549627686912
372930114
1615586154
3018680485
3184811252
956822126639509504
1827907981
1168826515858972672
704523018509266944
101815209
165390325
1006448215535833089
732820626
122111782
155800643
206377381
75307378
893129107231211521
1203990468716949504
525055951
48961069
525055951
405511398
2695000614
17616472
2829810366
1201818767505801221
927188185
201659483
201659483
876034741366947840
18183270
62906758
876034741366947840
876034741366947840
139779018
62906758
835440717946220544
989557490793693184
136846831
1198929412160286720
2231287004
215685563
43323794
2540005063
139779018
4531029732
19588532
303992425
29184298
81163879
947859765111136256
40276045
21841229
139779018
336395023
130453679
1158479042619686913
75307378
954090122475024384
1226204987757400064
354763207
843336391325093888
20899069
401958850
828932536034226177
752960510
769452977925066753
989204983798104064
139779018
65588669
937047116
1243453904009846784
463553347
164173107
17801681
3916248855
94327570
51552352
560234626
168985421
777185472955031552
247985486
224927317
1097201325320929281
2243760042
973613114
65588669
1040715279116849152
65588669
65588669
65588669
192983286
881205431477161984
44156996
38685872
340868500
62828056
91544261
382694297
1316000804
1316000804
16562434
114474581
39808270
276896345
15549669
99445710
99445710
5804482
5804482
2956850772
417874921
104918579
1197450589308772352
1094212442639392768
1242536656873324547
1147012159559200768
905547186
163006017
63963347
1512484280
1138823834121883650
3139768472
243560374
389891352
1020982045747576832
1165081429
1028273027795091456
266517145
1253431051034095623
327400993
57000340
1266281494948876290
2212756802
241447624
136507219
48652745
958237558843977728
894883626432823296
1157657902917640192
1247988635099639808
328500584
2943451788
1242355963123793920
100480590
2205177656
1240496426511036418
1265933374507511808
3059540124
1107638151659614209
369406133
856576231
145191772
1254094312104579072
243560374
947557339036393472
102723782
57885908
27206387
891651384105328641
1242355963123793920
1241709117040930816
178641766
1701741979
1527073850
1229014924308942848
2780522796
1245750870572032000
3469605794
3469605794
3469605794
3469605794
56026433
3469605794
3469605794
41769296
3469605794
1244001244756054017
1062604823911120896
1256901966199840769
3297008118
142760893
102032931
1083403038058962944
264635111
758709648
1133378064698576896
3691391660
56029268
1512484280
4046855472
776304363623120896
1022896197328093184
327724101
722018103387824129
1242355963123793920
23425186
3095467896
868372803803795458
928279773045972992
909726205137453056
2956808702
102723782
100600203
2318545650
770213658840305665
1272067782423662592
2210065701
935502160976138242
3007825740
338872040
1024696803831111680
1242355963123793920
129089752
42380705
968036149
1271509036274499588
1219567398094639105
1170198512341962753
706809117
3007825740
240270992
1242355963123793920
2649108596
626955872
2819523631
870690859464904716
141183572
835427431007707136
770213658840305665
1126807986934935552
99527633
2152550364
707360850
4791740657
1257953298587381760
1254337333186514944
946664074733084672
207427838
287558956
230339845
14182050
3007825740
704296895808548864
1101361557177491457
102285890
1080331166140502017
968036149
102723782
3967251434
1256127534
1230016126316351488
1929733934
1161306562062766085
25821626
887271227253018624
1936807783
1102430572343902208
3307718191
3095388768
1261228680367312896
1209130618195365889
790980112707563520
1022896197328093184
1926687230
1133378064698576896
3186224294
2356626007
1829177496
1086902670177103873
2913612259
17751229
1121373052221235202
52301656
3018719294
253904650
119037578
768803023791464448
728235573308182528
1166206748501299201
1269621216559521792
1004984714
4555152620
830125887400062978
981429532191281153
2901398743
256495314
979043205172744192
1220782080755261441
36607404
80069764
1106202847102689280
2731602432
1092302177425448961
1168783509399326720
768803023791464448
3243001928
1231205441260019717
768803023791464448
1087405786832134144
1484299310
1021634063067750401
1095350169263058947
768803023791464448
119730172
2393614284
31976261
58417042
1136957516267556865
168616875
821080645589995525
768803023791464448
774707678903873536
1243269939605016576
1169260865817731073
1146064767695511553
283456036
853536088014684160
18864666
114675938
52357444
125289825
18329263
1212834033245147137
768803023791464448
1097965225951797250
361617541
1262981083139911680
1150663940881309696
768803023791464448
4105720935
1193812906002931712
17864454
606959404
859112469746274304
1354021147
4558978349
1617676848
57052323
51441064
1191654632767934465
1154956774228684800
1266257890383298561
1066689123380006913
1037222718251433984
1186732327264632832
1256899425982713857
862258929920868352
144253456
813803590363926529
3311305424
1254120043215912971
965592418442792961
81386285
494634098
1220782080755261441
362577295
1018156749910470656
285708110
2926406852
945575507625574400
191363461
418497484
191363461
2527359628
65849258
1268640140617908224
1200317321375444993
1201793617632714752
80355467
191363461
3017334823
4875602777
58780272
739866916613988352
19219699
741485984823578624
442028242
48957973
1208233381692985344
329507647
728235573308182528
1189184123383898112
1259318552395485191
4811531833
45788703
2597554885
849499483
1186732327264632832
739866916613988352
839812476401233920
849499483
853874551691915265
367490943
926152892796452864
2879137723
57568009
814430667622625280
900726933234753541
84528727
729714226801999872
338555581
367490943
75052875
136226159
787149332449492992
790883836276060161
2892651661
47916750
846312715572391936
902515775654682625
1127872489042825216
1032933344726605824
53640157
2399825354
338555581
1960247858
92573400
974541671055568896
959324644003254272
846312715572391936
36069927
3383175258
1065524613306830849
969575597012897792
75251745
1247289659828232192
186786173
1269227929868746754
35671101
1390518697
787149332449492992
166899289
835427431007707136
107304604
43351933
276472908
4051701142
1191979568430813185
1268875605413486598
537104983
946672243534450689
2231360184
870577664318291968
374492784
72544065
1108772372096520192
1241092843118030848
288668131
119118877
146360707
1260609845046112257
570764123
2886470658
889275745
835722903630958593
85993440
1217345794509959168
4692032292
2862518154
1092614473691660288
318929708
727247515494420480
23422648
112347361
1572860317
975016307753144320
1086576539188252672
761371873
709045082008080384
1638635510
60900667
1385056849
1256469342213902344
1217345794509959168
726194371
124724190
1230741755617665024
1272509354638336000
1883054070
40520001
294371167
991281736985165824
278937347
151074789
149022476
141489392
1228453937130328069
1230741755617665024
3037295922
63752206
56311337
853874551691915265
705082826
66309141
2193628249
2241995142
869175349506179072
3155224405
55802681
716633196054470656
3523826112
177931977
1095737743269871617
754932174
713314048805314561
99928370
111679411
36140133
1242536656873324547
182234225
24330410
67528465
222907094
946664255218114561
846312715572391936
788668220534325248
1239815290487050243
828841083257778176
1095737743269871617
2466097970
2181794310
1346556307
160476395
1262810169039192064
2473635018
226061405
73857092
1258987574317768705
1237674232856764416
125504311
1459500390
28850854
1120254836677718017
4682476633
1485090426
813788094159732740
832110866120241152
1218746071121264645
999888865555972096
2650556076
798054588905504768
725975411146915840
105480603
117775189
1503579002
173816972
163813022
211537947
125591536
1132602946586234880
76599973
1668072205
1216920560363433984
409494502
1132834851395006464
28515858
147509652
18329263
1135795447966998528
134071847
1886838414
1247813638645108737
2234957509
169625193
181762861
1251601644338335746
1954646364
1063526244900315136
838742712543232001
335250841
120050967
28517909
1064886439085830145
146764716
1204735746982043648
877547603205906434
128182540
1244968729055596544
82662151
2785384496
1013042354444369923
1303157276
2533982384
837312007766487040
844901125430149124
4927374593
100927919
848401934386028544
100927919
350862570
18668797
52529487
437573271
7783972
63752206
1069030447479369728
809659068918820864
1934077027
1270045019584565248
710718414831140864
295645205
161774593
1390518697
19177392
7176092
1118470120433520647
896612079175581696
1271736534912262145
788474759436574721
3297008118
111515423
92573400
943985293513969664
1440410665
4773442042
1875328760
1227568120220372992
781765622
1033771356473634816
1132308811581026304
1263780376843075584
1263852733
127828596
437573271
14182050
1617676848
132065680
970618287070445568
1267514913427206145
996129830964899840
1124259258290192385
3282293418
2439082687
364875799
846312715572391936
754944929487474689
115950367
745886796689604608
742328424
1261967397218467848
34896582
2827931029
1389657205
424089987
226531860
1440546944
1210262435744993280
101695285
359235864
1107266887119826944
198859018
44620274
148332322
778636956712394752
1257386808503078917
1118451516824625153
34896582
36140133
1199993190100504576
82297561
53051506
1194570057910755328
1188346617650274306
1389657205
198859018
1596403134
174396507
56689024
36140133
82068750
1259410435125772289
1266680559541137408
1016998860567252992
1253990813559934976
1208094209187536896
1007488320060866560
733552389005795329
1247933919846154240
1078098642659995648
1223327764541034500
1255896069625561094
1241092843118030848
420975059
1134867178774097920
109013093
1155043777330864128
1204775039469404160
588050591
606120061
1256278028751077376
141637725
587599466
1131462416741437440
321553899
1179693372816027648
57686029
970594390816079872
157934294
16591984
151760830
601829730
4051701142
804271698279272448
46093923
251133550
909726205137453056
128286865
1246028401997049857
2835438211
1271878359035740160
1255858556882092032
1270602987686301697
726044995933732866
412386227
714731566828793857
811972460560019456
292132524
1216624248061476864
1048212842686631937
858714202852081665
1048212842686631937
1048212842686631937
1248947155420639232
1223327764541034500
749611957
600001383
423259460
478278232
177187090
1237373558524981250
367263377
18668797
323692423
788095619583782912
99998749
75812891
1217085019321012225
196464341
1255896069625561094
3523826112
2401326240
920460036
1208322596934049793
1247538406298509317
43829948
199236585
455684985
1135810905768202240
748113787262144513
1209684608301686784
1242488203052908544
847259113
1148601136196268032
774231876
1250018340631973888
4767373764
852856586267615233
846312715572391936
793873542102286336
727032042567929856
1088662410892763136
294501398
931026436365869056
1131462416741437440
584740355
11121242
4573405572
766616293029969920
1042429821358301185
1242679383862603776
103890458
1088662410892763136
844564195022520320
951079525789683717
2892666739
2276074903
137609132
2650630310
2991201001
970618287070445568
1137361799748001793
1239142524628766720
22738536
1242679383862603776
931026436365869056
1266024613152161794
100259076
1671087583
97420985
43880881
3881049291
16591984
1060890793567641601
846312715572391936
52331909
137053479
47596486
1266024613152161794
1117666343124393985
125253837
1702024507
1002535711914913792
1267324269492658178
166224312
1216791198968344585
1665330902
157959833
854968920565923843
889536970111582208
117679044
324844740
1191264730414895105
66396299
2968412174
2890604244
1131462416741437440
1191023777204838406
522805689
1254420359442358274
17209633
145998436
554362088
877510638137876480
124927831
226061405
157309479
1274762843473076225
1888924778
439245860
613924644
1176153022814142477
830714185
1179765832290713600
3122793666
828841083257778176
123822668
376575249
143111236
1199369253993844736
1206274223980703744
810782755248279552
1167161683585847296
59474804
1270948208093458433
141245576
1087213114418900995
1047876323513917440
47294527
1128552359280254976
3751682541
1202579141746249728
510542546
999987312808247298
3006307307
14182050
1260927571312566272
1283863452822503425
1107594540695736320
1526464351
1526464351
1936807783
1526464351
1526464351
264635111
1526464351
2354251087
939924279562469376
111613927
3134492040
1263714767803281408
2992130416
3346349584
802835241043972097
772837602038734848
18628451
852093226576076800
215927284
4693986967
7756742
2912836908
760853978837942272
848224601070944257
894895509772525568
969173040197124097
1109329332
1117775565728120834
84549945
2800428695
